timestamp,vehicle_id,engine_rpm,coolant_temp_c,fault_code
2026-06-28 16:27:14.373442,VIN-100001,2100,90,NONE
2026-06-28 16:27:14.373458,VIN-100002,2100,90,NONE
2026-06-28 16:27:14.373461,VIN-100003,2100,90,NONE
2026-06-28 16:27:14.373464,VIN-100004,2100,90,NONE
2026-06-28 16:27:14.373466,VIN-100005,2100,90,NONE
2026-06-28 16:27:14.373477,VIN-100006,2100,90,NONE
2026-06-28 16:27:14.373484,VIN-100007,2100,90,NONE
2026-06-28 16:27:14.373490,VIN-100008,2100,90,NONE
2026-06-28 16:27:14.373493,VIN-100009,2100,90,NONE
2026-06-28 16:27:14.373496,VIN-100010,2100,90,NONE
2026-06-28 16:27:14.373498,VIN-100011,2100,90,NONE
2026-06-28 16:27:14.373501,VIN-100012,2100,90,NONE
2026-06-28 16:27:14.373503,VIN-100013,2100,90,NONE
2026-06-28 16:27:14.373506,VIN-100014,2100,90,NONE
2026-06-28 16:27:14.373511,VIN-100015,2100,90,NONE
2026-06-28 16:27:14.373516,VIN-100016,2100,90,NONE
2026-06-28 16:27:14.373520,VIN-100017,2100,90,NONE
2026-06-28 16:27:14.373525,VIN-100018,2100,90,NONE
2026-06-28 16:27:14.373529,VIN-100019,2100,90,NONE
2026-06-28 16:27:14.373534,VIN-100020,2100,90,NONE
2026-06-28 16:27:14.373539,VIN-100021,2100,90,NONE
2026-06-28 16:27:14.373544,VIN-100022,2100,90,NONE
2026-06-28 16:27:14.373549,VIN-100023,2100,90,NONE
2026-06-28 16:27:14.373553,VIN-100024,2100,90,NONE
2026-06-28 16:27:14.373558,VIN-100025,2100,90,NONE
2026-06-28 16:27:14.373562,VIN-100026,2100,90,NONE
2026-06-28 16:27:14.373566,VIN-100027,2100,90,NONE
2026-06-28 16:27:14.373571,VIN-100028,2100,90,NONE
2026-06-28 16:27:14.373576,VIN-100029,2100,90,NONE
2026-06-28 16:27:14.373580,VIN-100030,2100,90,NONE
2026-06-28 16:27:14.373585,VIN-100031,2100,90,NONE
2026-06-28 16:27:14.373589,VIN-100032,2100,90,NONE
2026-06-28 16:27:14.373594,VIN-100033,2100,90,NONE
2026-06-28 16:27:14.373598,VIN-100034,2100,90,NONE
2026-06-28 16:27:14.373603,VIN-100035,2100,90,NONE
2026-06-28 16:27:14.373608,VIN-100036,2100,90,NONE
2026-06-28 16:27:14.373612,VIN-100037,2100,90,NONE
2026-06-28 16:27:14.373617,VIN-100038,2100,90,NONE
2026-06-28 16:27:14.373621,VIN-100039,2100,90,NONE
2026-06-28 16:27:14.373626,VIN-100040,2100,90,NONE
2026-06-28 16:27:14.373630,VIN-100041,2100,90,NONE
2026-06-28 16:27:14.373635,VIN-100042,2100,90,NONE
2026-06-28 16:27:14.373640,VIN-100043,2100,90,NONE
2026-06-28 16:27:14.373644,VIN-100044,2100,90,NONE
2026-06-28 16:27:14.373649,VIN-100045,2100,90,NONE
2026-06-28 16:27:14.373654,VIN-100046,2100,90,NONE
2026-06-28 16:27:14.373658,VIN-100047,2100,90,NONE
2026-06-28 16:27:14.373663,VIN-100048,2100,90,NONE
2026-06-28 16:27:14.373668,VIN-100049,2100,90,NONE
2026-06-28 16:27:14.373672,VIN-100050,2100,90,P0300
2026-06-28 16:27:14.373677,VIN-100051,2100,90,NONE
2026-06-28 16:27:14.373682,VIN-100052,2100,90,NONE
2026-06-28 16:27:14.373686,VIN-100053,2100,90,NONE
2026-06-28 16:27:14.373691,VIN-100054,2100,90,NONE
2026-06-28 16:27:14.373696,VIN-100055,2100,90,NONE
2026-06-28 16:27:14.373701,VIN-100056,2100,90,NONE
2026-06-28 16:27:14.373706,VIN-100057,2100,90,NONE
2026-06-28 16:27:14.373710,VIN-100058,2100,90,NONE
2026-06-28 16:27:14.373715,VIN-100059,2100,90,NONE
2026-06-28 16:27:14.373720,VIN-100060,2100,90,NONE
2026-06-28 16:27:14.373725,VIN-100061,2100,90,NONE
2026-06-28 16:27:14.373729,VIN-100062,2100,90,NONE
2026-06-28 16:27:14.373734,VIN-100063,2100,90,NONE
2026-06-28 16:27:14.373739,VIN-100064,2100,90,NONE
2026-06-28 16:27:14.373744,VIN-100065,2100,90,NONE
2026-06-28 16:27:14.373749,VIN-100066,2100,90,NONE
2026-06-28 16:27:14.373754,VIN-100067,2100,90,NONE
2026-06-28 16:27:14.373758,VIN-100068,2100,90,NONE
2026-06-28 16:27:14.373763,VIN-100069,2100,90,NONE
2026-06-28 16:27:14.373768,VIN-100070,2100,90,NONE
2026-06-28 16:27:14.373773,VIN-100071,2100,90,NONE
2026-06-28 16:27:14.373778,VIN-100072,2100,90,NONE
2026-06-28 16:27:14.373783,VIN-100073,2100,90,NONE
2026-06-28 16:27:14.373787,VIN-100074,2100,90,NONE
2026-06-28 16:27:14.373792,VIN-100075,2100,90,P0171
2026-06-28 16:27:14.373797,VIN-100076,2100,90,NONE
2026-06-28 16:27:14.373802,VIN-100077,2100,90,NONE
2026-06-28 16:27:14.373807,VIN-100078,2100,90,NONE
2026-06-28 16:27:14.373812,VIN-100079,2100,90,NONE
2026-06-28 16:27:14.373816,VIN-100080,2100,90,NONE
2026-06-28 16:27:14.373821,VIN-100081,2100,90,NONE
2026-06-28 16:27:14.373825,VIN-100082,2100,90,NONE
2026-06-28 16:27:14.373830,VIN-100083,2100,90,NONE
2026-06-28 16:27:14.373835,VIN-100084,2100,90,NONE
2026-06-28 16:27:14.373839,VIN-100085,2100,90,NONE
2026-06-28 16:27:14.373844,VIN-100086,2100,90,NONE
2026-06-28 16:27:14.373849,VIN-100087,2100,90,NONE
2026-06-28 16:27:14.373854,VIN-100088,2100,90,NONE
2026-06-28 16:27:14.373858,VIN-100089,2100,90,NONE
2026-06-28 16:27:14.373863,VIN-100090,2100,90,NONE
2026-06-28 16:27:14.373868,VIN-100091,2100,90,NONE
2026-06-28 16:27:14.373873,VIN-100092,2100,90,NONE
2026-06-28 16:27:14.373878,VIN-100093,2100,90,NONE
2026-06-28 16:27:14.373884,VIN-100094,2100,90,NONE
2026-06-28 16:27:14.373888,VIN-100095,2100,90,NONE
2026-06-28 16:27:14.373891,VIN-100096,2100,90,NONE
2026-06-28 16:27:14.373893,VIN-100097,2100,90,NONE
2026-06-28 16:27:14.373896,VIN-100098,2100,90,NONE
2026-06-28 16:27:14.373898,VIN-100099,2100,90,NONE
2026-06-28 16:27:14.373901,VIN-100100,2100,90,P0300
2026-06-28 16:27:14.373903,VIN-100101,2100,90,NONE
2026-06-28 16:27:14.373906,VIN-100102,2100,90,NONE
2026-06-28 16:27:14.373909,VIN-100103,2100,90,NONE
2026-06-28 16:27:14.373911,VIN-100104,2100,90,NONE
2026-06-28 16:27:14.373914,VIN-100105,2100,90,NONE
2026-06-28 16:27:14.373917,VIN-100106,2100,90,NONE
2026-06-28 16:27:14.373919,VIN-100107,2100,90,NONE
2026-06-28 16:27:14.373922,VIN-100108,2100,90,NONE
2026-06-28 16:27:14.373925,VIN-100109,2100,90,NONE
2026-06-28 16:27:14.373927,VIN-100110,2100,90,NONE
2026-06-28 16:27:14.373930,VIN-100111,2100,90,NONE
2026-06-28 16:27:14.373933,VIN-100112,2100,90,NONE
2026-06-28 16:27:14.373935,VIN-100113,2100,90,NONE
2026-06-28 16:27:14.373938,VIN-100114,2100,90,NONE
2026-06-28 16:27:14.373940,VIN-100115,2100,90,NONE
2026-06-28 16:27:14.373943,VIN-100116,2100,90,NONE
2026-06-28 16:27:14.373945,VIN-100117,2100,90,NONE
2026-06-28 16:27:14.373948,VIN-100118,2100,90,NONE
2026-06-28 16:27:14.373951,VIN-100119,2100,90,NONE
2026-06-28 16:27:14.373953,VIN-100120,2100,90,NONE
2026-06-28 16:27:14.373956,VIN-100121,2100,90,NONE
2026-06-28 16:27:14.373959,VIN-100122,2100,90,NONE
2026-06-28 16:27:14.373961,VIN-100123,2100,90,NONE
2026-06-28 16:27:14.373964,VIN-100124,2100,90,NONE
2026-06-28 16:27:14.373966,VIN-100125,2100,90,NONE
2026-06-28 16:27:14.373970,VIN-100126,2100,90,NONE
2026-06-28 16:27:14.373974,VIN-100127,2100,90,NONE
2026-06-28 16:27:14.373977,VIN-100128,2100,90,NONE
2026-06-28 16:27:14.373980,VIN-100129,2100,90,NONE
2026-06-28 16:27:14.373982,VIN-100130,2100,90,NONE
2026-06-28 16:27:14.373985,VIN-100131,2100,90,NONE
2026-06-28 16:27:14.373988,VIN-100132,2100,90,NONE
2026-06-28 16:27:14.373990,VIN-100133,2100,90,NONE
2026-06-28 16:27:14.373993,VIN-100134,2100,90,NONE
2026-06-28 16:27:14.373996,VIN-100135,2100,90,NONE
2026-06-28 16:27:14.373998,VIN-100136,2100,90,NONE
2026-06-28 16:27:14.374001,VIN-100137,2100,90,NONE
2026-06-28 16:27:14.374004,VIN-100138,2100,90,NONE
2026-06-28 16:27:14.374006,VIN-100139,2100,90,NONE
2026-06-28 16:27:14.374009,VIN-100140,2100,90,NONE
2026-06-28 16:27:14.374012,VIN-100141,2100,90,NONE
2026-06-28 16:27:14.374014,VIN-100142,2100,90,NONE
2026-06-28 16:27:14.374017,VIN-100143,2100,90,NONE
2026-06-28 16:27:14.374020,VIN-100144,2100,90,NONE
2026-06-28 16:27:14.374022,VIN-100145,2100,90,NONE
2026-06-28 16:27:14.374025,VIN-100146,2100,90,NONE
2026-06-28 16:27:14.374027,VIN-100147,2100,90,NONE
2026-06-28 16:27:14.374030,VIN-100148,2100,90,NONE
2026-06-28 16:27:14.374033,VIN-100149,2100,90,NONE
2026-06-28 16:27:14.374035,VIN-100150,2100,90,P0300
2026-06-28 16:27:14.374038,VIN-100151,2100,90,NONE
2026-06-28 16:27:14.374041,VIN-100152,2100,90,NONE
2026-06-28 16:27:14.374043,VIN-100153,2100,90,NONE
2026-06-28 16:27:14.374046,VIN-100154,2100,90,NONE
2026-06-28 16:27:14.374051,VIN-100155,2100,90,NONE
2026-06-28 16:27:14.374053,VIN-100156,2100,90,NONE
2026-06-28 16:27:14.374056,VIN-100157,2100,90,NONE
2026-06-28 16:27:14.374059,VIN-100158,2100,90,NONE
2026-06-28 16:27:14.374062,VIN-100159,2100,90,NONE
2026-06-28 16:27:14.374064,VIN-100160,2100,90,NONE
2026-06-28 16:27:14.374067,VIN-100161,2100,90,NONE
2026-06-28 16:27:14.374070,VIN-100162,2100,90,NONE
2026-06-28 16:27:14.374073,VIN-100163,2100,90,NONE
2026-06-28 16:27:14.374076,VIN-100164,2100,90,NONE
2026-06-28 16:27:14.374079,VIN-100165,2100,90,NONE
2026-06-28 16:27:14.374081,VIN-100166,2100,90,NONE
2026-06-28 16:27:14.374084,VIN-100167,2100,90,NONE
2026-06-28 16:27:14.374087,VIN-100168,2100,90,NONE
2026-06-28 16:27:14.374090,VIN-100169,2100,90,NONE
2026-06-28 16:27:14.374093,VIN-100170,2100,90,NONE
2026-06-28 16:27:14.374095,VIN-100171,2100,90,NONE
2026-06-28 16:27:14.374098,VIN-100172,2100,90,NONE
2026-06-28 16:27:14.374101,VIN-100173,2100,90,NONE
2026-06-28 16:27:14.374104,VIN-100174,2100,90,NONE
2026-06-28 16:27:14.374107,VIN-100175,2100,90,NONE
2026-06-28 16:27:14.374109,VIN-100176,2100,90,NONE
2026-06-28 16:27:14.374112,VIN-100177,2100,90,NONE
2026-06-28 16:27:14.374115,VIN-100178,2100,90,NONE
2026-06-28 16:27:14.374118,VIN-100179,2100,90,NONE
2026-06-28 16:27:14.374121,VIN-100180,2100,90,NONE
2026-06-28 16:27:14.374124,VIN-100181,2100,90,NONE
2026-06-28 16:27:14.374126,VIN-100182,2100,90,NONE
2026-06-28 16:27:14.374129,VIN-100183,2100,90,NONE
2026-06-28 16:27:14.374132,VIN-100184,2100,90,NONE
2026-06-28 16:27:14.374135,VIN-100185,2100,90,NONE
2026-06-28 16:27:14.374138,VIN-100186,2100,90,NONE
2026-06-28 16:27:14.374141,VIN-100187,2100,90,NONE
2026-06-28 16:27:14.374144,VIN-100188,2100,90,NONE
2026-06-28 16:27:14.374147,VIN-100189,2100,90,NONE
2026-06-28 16:27:14.374150,VIN-100190,2100,90,NONE
2026-06-28 16:27:14.374153,VIN-100191,2100,90,NONE
2026-06-28 16:27:14.374156,VIN-100192,2100,90,NONE
2026-06-28 16:27:14.374159,VIN-100193,2100,90,NONE
2026-06-28 16:27:14.374164,VIN-100194,2100,90,NONE
2026-06-28 16:27:14.374215,VIN-100195,2100,90,NONE
2026-06-28 16:27:14.374221,VIN-100196,2100,90,NONE
2026-06-28 16:27:14.374224,VIN-100197,2100,90,NONE
2026-06-28 16:27:14.374227,VIN-100198,2100,90,NONE
2026-06-28 16:27:14.374230,VIN-100199,2100,90,NONE
2026-06-28 16:27:14.374232,VIN-100200,2100,90,P0300
2026-06-28 16:27:14.374236,VIN-100201,2100,90,NONE
2026-06-28 16:27:14.374239,VIN-100202,2100,90,NONE
2026-06-28 16:27:14.374242,VIN-100203,2100,90,NONE
2026-06-28 16:27:14.374245,VIN-100204,2100,90,NONE
2026-06-28 16:27:14.374248,VIN-100205,2100,90,NONE
2026-06-28 16:27:14.374251,VIN-100206,2100,90,NONE
2026-06-28 16:27:14.374254,VIN-100207,2100,90,NONE
2026-06-28 16:27:14.374257,VIN-100208,2100,90,NONE
2026-06-28 16:27:14.374259,VIN-100209,2100,90,NONE
2026-06-28 16:27:14.374263,VIN-100210,2100,90,NONE
2026-06-28 16:27:14.374266,VIN-100211,2100,90,NONE
2026-06-28 16:27:14.374268,VIN-100212,2100,90,NONE
2026-06-28 16:27:14.374271,VIN-100213,2100,90,NONE
2026-06-28 16:27:14.374274,VIN-100214,2100,90,NONE
2026-06-28 16:27:14.374277,VIN-100215,2100,90,NONE
2026-06-28 16:27:14.374280,VIN-100216,2100,90,NONE
2026-06-28 16:27:14.374283,VIN-100217,2100,90,NONE
2026-06-28 16:27:14.374286,VIN-100218,2100,90,NONE
2026-06-28 16:27:14.374289,VIN-100219,2100,90,NONE
2026-06-28 16:27:14.374292,VIN-100220,2100,90,NONE
2026-06-28 16:27:14.374295,VIN-100221,2100,90,NONE
2026-06-28 16:27:14.374298,VIN-100222,2100,90,NONE
2026-06-28 16:27:14.374301,VIN-100223,2100,90,NONE
2026-06-28 16:27:14.374304,VIN-100224,2100,90,NONE
2026-06-28 16:27:14.374307,VIN-100225,2100,90,P0171
2026-06-28 16:27:14.374310,VIN-100226,2100,90,NONE
2026-06-28 16:27:14.374313,VIN-100227,2100,90,NONE
2026-06-28 16:27:14.374316,VIN-100228,2100,90,NONE
2026-06-28 16:27:14.374319,VIN-100229,2100,90,NONE
2026-06-28 16:27:14.374322,VIN-100230,2100,90,NONE
2026-06-28 16:27:14.374325,VIN-100231,2100,90,NONE
2026-06-28 16:27:14.374328,VIN-100232,2100,90,NONE
2026-06-28 16:27:14.374331,VIN-100233,2100,90,NONE
2026-06-28 16:27:14.374334,VIN-100234,2100,90,NONE
2026-06-28 16:27:14.374337,VIN-100235,2100,90,NONE
2026-06-28 16:27:14.374340,VIN-100236,2100,90,NONE
2026-06-28 16:27:14.374343,VIN-100237,2100,90,NONE
2026-06-28 16:27:14.374346,VIN-100238,2100,90,NONE
2026-06-28 16:27:14.374350,VIN-100239,2100,90,NONE
2026-06-28 16:27:14.374352,VIN-100240,2100,90,NONE
2026-06-28 16:27:14.374355,VIN-100241,2100,90,NONE
2026-06-28 16:27:14.374358,VIN-100242,2100,90,NONE
2026-06-28 16:27:14.374362,VIN-100243,2100,90,NONE
2026-06-28 16:27:14.374365,VIN-100244,2100,90,NONE
2026-06-28 16:27:14.374368,VIN-100245,2100,90,NONE
2026-06-28 16:27:14.374371,VIN-100246,2100,90,NONE
2026-06-28 16:27:14.374374,VIN-100247,2100,90,NONE
2026-06-28 16:27:14.374377,VIN-100248,2100,90,NONE
2026-06-28 16:27:14.374380,VIN-100249,2100,90,NONE
2026-06-28 16:27:14.374383,VIN-100250,2100,90,P0300
2026-06-28 16:27:14.374386,VIN-100251,2100,90,NONE
2026-06-28 16:27:14.374389,VIN-100252,2100,90,NONE
2026-06-28 16:27:14.374392,VIN-100253,2100,90,NONE
2026-06-28 16:27:14.374395,VIN-100254,2100,90,NONE
2026-06-28 16:27:14.374398,VIN-100255,2100,90,NONE
2026-06-28 16:27:14.374401,VIN-100256,2100,90,NONE
2026-06-28 16:27:14.374404,VIN-100257,2100,90,NONE
2026-06-28 16:27:14.374407,VIN-100258,2100,90,NONE
2026-06-28 16:27:14.374410,VIN-100259,2100,90,NONE
2026-06-28 16:27:14.374414,VIN-100260,2100,90,NONE
2026-06-28 16:27:14.374417,VIN-100261,2100,90,NONE
2026-06-28 16:27:14.374420,VIN-100262,2100,90,NONE
2026-06-28 16:27:14.374423,VIN-100263,2100,90,NONE
2026-06-28 16:27:14.374426,VIN-100264,2100,90,NONE
2026-06-28 16:27:14.374429,VIN-100265,2100,90,NONE
2026-06-28 16:27:14.374435,VIN-100266,2100,90,NONE
2026-06-28 16:27:14.374442,VIN-100267,2100,90,NONE
2026-06-28 16:27:14.374448,VIN-100268,2100,90,NONE
2026-06-28 16:27:14.374454,VIN-100269,2100,90,NONE
2026-06-28 16:27:14.374460,VIN-100270,2100,90,NONE
2026-06-28 16:27:14.374466,VIN-100271,2100,90,NONE
2026-06-28 16:27:14.374472,VIN-100272,2100,90,NONE
2026-06-28 16:27:14.374478,VIN-100273,2100,90,NONE
2026-06-28 16:27:14.374484,VIN-100274,2100,90,NONE
2026-06-28 16:27:14.374490,VIN-100275,2100,90,NONE
2026-06-28 16:27:14.374495,VIN-100276,2100,90,NONE
2026-06-28 16:27:14.374501,VIN-100277,2100,90,NONE
2026-06-28 16:27:14.374507,VIN-100278,2100,90,NONE
2026-06-28 16:27:14.374513,VIN-100279,2100,90,NONE
2026-06-28 16:27:14.374519,VIN-100280,2100,90,NONE
2026-06-28 16:27:14.374525,VIN-100281,2100,90,NONE
2026-06-28 16:27:14.374531,VIN-100282,2100,90,NONE
2026-06-28 16:27:14.374537,VIN-100283,2100,90,NONE
2026-06-28 16:27:14.374543,VIN-100284,2100,90,NONE
2026-06-28 16:27:14.374549,VIN-100285,2100,90,NONE
2026-06-28 16:27:14.374555,VIN-100286,2100,90,NONE
2026-06-28 16:27:14.374561,VIN-100287,2100,90,NONE
2026-06-28 16:27:14.374567,VIN-100288,2100,90,NONE
2026-06-28 16:27:14.374573,VIN-100289,2100,90,NONE
2026-06-28 16:27:14.374579,VIN-100290,2100,90,NONE
2026-06-28 16:27:14.374586,VIN-100291,2100,90,NONE
2026-06-28 16:27:14.374592,VIN-100292,2100,90,NONE
2026-06-28 16:27:14.374598,VIN-100293,2100,90,NONE
2026-06-28 16:27:14.374603,VIN-100294,2100,90,NONE
2026-06-28 16:27:14.374609,VIN-100295,2100,90,NONE
2026-06-28 16:27:14.374616,VIN-100296,2100,90,NONE
2026-06-28 16:27:14.374622,VIN-100297,2100,90,NONE
2026-06-28 16:27:14.374628,VIN-100298,2100,90,NONE
2026-06-28 16:27:14.374634,VIN-100299,2100,90,NONE
2026-06-28 16:27:14.374640,VIN-100300,2100,90,P0300
2026-06-28 16:27:14.374647,VIN-100301,2100,90,NONE
2026-06-28 16:27:14.374653,VIN-100302,2100,90,NONE
2026-06-28 16:27:14.374659,VIN-100303,2100,90,NONE
2026-06-28 16:27:14.374665,VIN-100304,2100,90,NONE
2026-06-28 16:27:14.374671,VIN-100305,2100,90,NONE
2026-06-28 16:27:14.374677,VIN-100306,2100,90,NONE
2026-06-28 16:27:14.374683,VIN-100307,2100,90,NONE
2026-06-28 16:27:14.374689,VIN-100308,2100,90,NONE
2026-06-28 16:27:14.374695,VIN-100309,2100,90,NONE
2026-06-28 16:27:14.374751,VIN-100310,2100,90,NONE
2026-06-28 16:27:14.374763,VIN-100311,2100,90,NONE
2026-06-28 16:27:14.374767,VIN-100312,2100,90,NONE
2026-06-28 16:27:14.374771,VIN-100313,2100,90,NONE
2026-06-28 16:27:14.374799,VIN-100314,2100,90,NONE
2026-06-28 16:27:14.374813,VIN-100315,2100,90,NONE
2026-06-28 16:27:14.374819,VIN-100316,2100,90,NONE
2026-06-28 16:27:14.374825,VIN-100317,2100,90,NONE
2026-06-28 16:27:14.374831,VIN-100318,2100,90,NONE
2026-06-28 16:27:14.374837,VIN-100319,2100,90,NONE
2026-06-28 16:27:14.374843,VIN-100320,2100,90,NONE
2026-06-28 16:27:14.374850,VIN-100321,2100,90,NONE
2026-06-28 16:27:14.374856,VIN-100322,2100,90,NONE
2026-06-28 16:27:14.374862,VIN-100323,2100,90,NONE
2026-06-28 16:27:14.374865,VIN-100324,2100,90,NONE
2026-06-28 16:27:14.374869,VIN-100325,2100,90,NONE
2026-06-28 16:27:14.374872,VIN-100326,2100,90,NONE
2026-06-28 16:27:14.374875,VIN-100327,2100,90,NONE
2026-06-28 16:27:14.374878,VIN-100328,2100,90,NONE
2026-06-28 16:27:14.374884,VIN-100329,2100,90,NONE
2026-06-28 16:27:14.374890,VIN-100330,2100,90,NONE
2026-06-28 16:27:14.374894,VIN-100331,2100,90,NONE
2026-06-28 16:27:14.374897,VIN-100332,2100,90,NONE
2026-06-28 16:27:14.374900,VIN-100333,2100,90,NONE
2026-06-28 16:27:14.374903,VIN-100334,2100,90,NONE
2026-06-28 16:27:14.374907,VIN-100335,2100,90,NONE
2026-06-28 16:27:14.374910,VIN-100336,2100,90,NONE
2026-06-28 16:27:14.374916,VIN-100337,2100,90,NONE
2026-06-28 16:27:14.374944,VIN-100338,2100,90,NONE
2026-06-28 16:27:14.374950,VIN-100339,2100,90,NONE
2026-06-28 16:27:14.374953,VIN-100340,2100,90,NONE
2026-06-28 16:27:14.374957,VIN-100341,2100,90,NONE
2026-06-28 16:27:14.374960,VIN-100342,2100,90,NONE
2026-06-28 16:27:14.374963,VIN-100343,2100,90,NONE
2026-06-28 16:27:14.374967,VIN-100344,2100,90,NONE
2026-06-28 16:27:14.374970,VIN-100345,2100,90,NONE
2026-06-28 16:27:14.374973,VIN-100346,2100,90,NONE
2026-06-28 16:27:14.374977,VIN-100347,2100,90,NONE
2026-06-28 16:27:14.374980,VIN-100348,2100,90,NONE
2026-06-28 16:27:14.374983,VIN-100349,2100,90,NONE
2026-06-28 16:27:14.374986,VIN-100350,2100,90,P0300
2026-06-28 16:27:14.374990,VIN-100351,2100,90,NONE
2026-06-28 16:27:14.374993,VIN-100352,2100,90,NONE
2026-06-28 16:27:14.374996,VIN-100353,2100,90,NONE
2026-06-28 16:27:14.375000,VIN-100354,2100,90,NONE
2026-06-28 16:27:14.375003,VIN-100355,2100,90,NONE
2026-06-28 16:27:14.375006,VIN-100356,2100,90,NONE
2026-06-28 16:27:14.375010,VIN-100357,2100,90,NONE
2026-06-28 16:27:14.375013,VIN-100358,2100,90,NONE
2026-06-28 16:27:14.375017,VIN-100359,2100,90,NONE
2026-06-28 16:27:14.375020,VIN-100360,2100,90,NONE
2026-06-28 16:27:14.375023,VIN-100361,2100,90,NONE
2026-06-28 16:27:14.375026,VIN-100362,2100,90,NONE
2026-06-28 16:27:14.375030,VIN-100363,2100,90,NONE
2026-06-28 16:27:14.375033,VIN-100364,2100,90,NONE
2026-06-28 16:27:14.375037,VIN-100365,2100,90,NONE
2026-06-28 16:27:14.375040,VIN-100366,2100,90,NONE
2026-06-28 16:27:14.375043,VIN-100367,2100,90,NONE
2026-06-28 16:27:14.375047,VIN-100368,2100,90,NONE
2026-06-28 16:27:14.375050,VIN-100369,2100,90,NONE
2026-06-28 16:27:14.375053,VIN-100370,2100,90,NONE
2026-06-28 16:27:14.375057,VIN-100371,2100,90,NONE
2026-06-28 16:27:14.375060,VIN-100372,2100,90,NONE
2026-06-28 16:27:14.375063,VIN-100373,2100,90,NONE
2026-06-28 16:27:14.375067,VIN-100374,2100,90,NONE
2026-06-28 16:27:14.375070,VIN-100375,2100,90,P0171
2026-06-28 16:27:14.375074,VIN-100376,2100,90,NONE
2026-06-28 16:27:14.375077,VIN-100377,2100,90,NONE
2026-06-28 16:27:14.375080,VIN-100378,2100,90,NONE
2026-06-28 16:27:14.375084,VIN-100379,2100,90,NONE
2026-06-28 16:27:14.375087,VIN-100380,2100,90,NONE
2026-06-28 16:27:14.375091,VIN-100381,2100,90,NONE
2026-06-28 16:27:14.375094,VIN-100382,2100,90,NONE
2026-06-28 16:27:14.375097,VIN-100383,2100,90,NONE
2026-06-28 16:27:14.375101,VIN-100384,2100,90,NONE
2026-06-28 16:27:14.375104,VIN-100385,2100,90,NONE
2026-06-28 16:27:14.375107,VIN-100386,2100,90,NONE
2026-06-28 16:27:14.375111,VIN-100387,2100,90,NONE
2026-06-28 16:27:14.375114,VIN-100388,2100,90,NONE
2026-06-28 16:27:14.375118,VIN-100389,2100,90,NONE
2026-06-28 16:27:14.375121,VIN-100390,2100,90,NONE
2026-06-28 16:27:14.375124,VIN-100391,2100,90,NONE
2026-06-28 16:27:14.375128,VIN-100392,2100,90,NONE
2026-06-28 16:27:14.375131,VIN-100393,2100,90,NONE
2026-06-28 16:27:14.375135,VIN-100394,2100,90,NONE
2026-06-28 16:27:14.375138,VIN-100395,2100,90,NONE
2026-06-28 16:27:14.375142,VIN-100396,2100,90,NONE
2026-06-28 16:27:14.375145,VIN-100397,2100,90,NONE
2026-06-28 16:27:14.375148,VIN-100398,2100,90,NONE
2026-06-28 16:27:14.375152,VIN-100399,2100,90,NONE
2026-06-28 16:27:14.375155,VIN-100400,2100,90,P0300
2026-06-28 16:27:14.375159,VIN-100401,2100,90,NONE
2026-06-28 16:27:14.375240,VIN-100402,2100,90,NONE
2026-06-28 16:27:14.375252,VIN-100403,2100,90,NONE
2026-06-28 16:27:14.375256,VIN-100404,2100,90,NONE
2026-06-28 16:27:14.375260,VIN-100405,2100,90,NONE
2026-06-28 16:27:14.375263,VIN-100406,2100,90,NONE
2026-06-28 16:27:14.375267,VIN-100407,2100,90,NONE
2026-06-28 16:27:14.375270,VIN-100408,2100,90,NONE
2026-06-28 16:27:14.375274,VIN-100409,2100,90,NONE
2026-06-28 16:27:14.375277,VIN-100410,2100,90,NONE
2026-06-28 16:27:14.375281,VIN-100411,2100,90,NONE
2026-06-28 16:27:14.375284,VIN-100412,2100,90,NONE
2026-06-28 16:27:14.375288,VIN-100413,2100,90,NONE
2026-06-28 16:27:14.375291,VIN-100414,2100,90,NONE
2026-06-28 16:27:14.375294,VIN-100415,2100,90,NONE
2026-06-28 16:27:14.375298,VIN-100416,2100,90,NONE
2026-06-28 16:27:14.375301,VIN-100417,2100,90,NONE
2026-06-28 16:27:14.375305,VIN-100418,2100,90,NONE
2026-06-28 16:27:14.375308,VIN-100419,2100,90,NONE
2026-06-28 16:27:14.375312,VIN-100420,2100,90,NONE
2026-06-28 16:27:14.375315,VIN-100421,2100,90,NONE
2026-06-28 16:27:14.375319,VIN-100422,2100,90,NONE
2026-06-28 16:27:14.375322,VIN-100423,2100,90,NONE
2026-06-28 16:27:14.375326,VIN-100424,2100,90,NONE
2026-06-28 16:27:14.375329,VIN-100425,2100,90,NONE
2026-06-28 16:27:14.375333,VIN-100426,2100,90,NONE
2026-06-28 16:27:14.375336,VIN-100427,2100,90,NONE
2026-06-28 16:27:14.375340,VIN-100428,2100,90,NONE
2026-06-28 16:27:14.375343,VIN-100429,2100,90,NONE
2026-06-28 16:27:14.375347,VIN-100430,2100,90,NONE
2026-06-28 16:27:14.375350,VIN-100431,2100,90,NONE
2026-06-28 16:27:14.375354,VIN-100432,2100,90,NONE
2026-06-28 16:27:14.375358,VIN-100433,2100,90,NONE
2026-06-28 16:27:14.375361,VIN-100434,2100,90,NONE
2026-06-28 16:27:14.375365,VIN-100435,2100,90,NONE
2026-06-28 16:27:14.375368,VIN-100436,2100,90,NONE
2026-06-28 16:27:14.375372,VIN-100437,2100,90,NONE
2026-06-28 16:27:14.375375,VIN-100438,2100,90,NONE
2026-06-28 16:27:14.375379,VIN-100439,2100,90,NONE
2026-06-28 16:27:14.375382,VIN-100440,2100,90,NONE
2026-06-28 16:27:14.375386,VIN-100441,2100,90,NONE
2026-06-28 16:27:14.375390,VIN-100442,2100,90,NONE
2026-06-28 16:27:14.375393,VIN-100443,2100,90,NONE
2026-06-28 16:27:14.375397,VIN-100444,2100,90,NONE
2026-06-28 16:27:14.375400,VIN-100445,2100,90,NONE
2026-06-28 16:27:14.375404,VIN-100446,2100,90,NONE
2026-06-28 16:27:14.375407,VIN-100447,2100,90,NONE
2026-06-28 16:27:14.375411,VIN-100448,2100,90,NONE
2026-06-28 16:27:14.375415,VIN-100449,2100,90,NONE
2026-06-28 16:27:14.375418,VIN-100450,2100,90,P0300
2026-06-28 16:27:14.375422,VIN-100451,2100,90,NONE
2026-06-28 16:27:14.375426,VIN-100452,2100,90,NONE
2026-06-28 16:27:14.375429,VIN-100453,2100,90,NONE
2026-06-28 16:27:14.375433,VIN-100454,2100,90,NONE
2026-06-28 16:27:14.375436,VIN-100455,2100,90,NONE
2026-06-28 16:27:14.375440,VIN-100456,2100,90,NONE
2026-06-28 16:27:14.375444,VIN-100457,2100,90,NONE
2026-06-28 16:27:14.375447,VIN-100458,2100,90,NONE
2026-06-28 16:27:14.375451,VIN-100459,2100,90,NONE
2026-06-28 16:27:14.375454,VIN-100460,2100,90,NONE
2026-06-28 16:27:14.375458,VIN-100461,2100,90,NONE
2026-06-28 16:27:14.375462,VIN-100462,2100,90,NONE
2026-06-28 16:27:14.375465,VIN-100463,2100,90,NONE
2026-06-28 16:27:14.375469,VIN-100464,2100,90,NONE
2026-06-28 16:27:14.375473,VIN-100465,2100,90,NONE
2026-06-28 16:27:14.375476,VIN-100466,2100,90,NONE
2026-06-28 16:27:14.375480,VIN-100467,2100,90,NONE
2026-06-28 16:27:14.375484,VIN-100468,2100,90,NONE
2026-06-28 16:27:14.375487,VIN-100469,2100,90,NONE
2026-06-28 16:27:14.375491,VIN-100470,2100,90,NONE
2026-06-28 16:27:14.375495,VIN-100471,2100,90,NONE
2026-06-28 16:27:14.375498,VIN-100472,2100,90,NONE
2026-06-28 16:27:14.375502,VIN-100473,2100,90,NONE
2026-06-28 16:27:14.375506,VIN-100474,2100,90,NONE
2026-06-28 16:27:14.375509,VIN-100475,2100,90,NONE
2026-06-28 16:27:14.375513,VIN-100476,2100,90,NONE
2026-06-28 16:27:14.375517,VIN-100477,2100,90,NONE
2026-06-28 16:27:14.375520,VIN-100478,2100,90,NONE
2026-06-28 16:27:14.375524,VIN-100479,2100,90,NONE
2026-06-28 16:27:14.375528,VIN-100480,2100,90,NONE
2026-06-28 16:27:14.375531,VIN-100481,2100,90,NONE
2026-06-28 16:27:14.375583,VIN-100482,2100,90,NONE
2026-06-28 16:27:14.375593,VIN-100483,2100,90,NONE
2026-06-28 16:27:14.375598,VIN-100484,2100,90,NONE
2026-06-28 16:27:14.375602,VIN-100485,2100,90,NONE
2026-06-28 16:27:14.375606,VIN-100486,2100,90,NONE
2026-06-28 16:27:14.375609,VIN-100487,2100,90,NONE
2026-06-28 16:27:14.375614,VIN-100488,2100,90,NONE
2026-06-28 16:27:14.375617,VIN-100489,2100,90,NONE
2026-06-28 16:27:14.375621,VIN-100490,2100,90,NONE
2026-06-28 16:27:14.375625,VIN-100491,2100,90,NONE
2026-06-28 16:27:14.375628,VIN-100492,2100,90,NONE
2026-06-28 16:27:14.375721,VIN-100493,2100,90,NONE
2026-06-28 16:27:14.375729,VIN-100494,2100,90,NONE
2026-06-28 16:27:14.375734,VIN-100495,2100,90,NONE
2026-06-28 16:27:14.375738,VIN-100496,2100,90,NONE
2026-06-28 16:27:14.375743,VIN-100497,2100,90,NONE
2026-06-28 16:27:14.375747,VIN-100498,2100,90,NONE
2026-06-28 16:27:14.375751,VIN-100499,2100,90,NONE
2026-06-28 16:27:14.375755,VIN-100500,2100,90,P0300
2026-06-28 16:27:14.375759,VIN-100501,2100,90,NONE
2026-06-28 16:27:14.375763,VIN-100502,2100,90,NONE
2026-06-28 16:27:14.375767,VIN-100503,2100,90,NONE
2026-06-28 16:27:14.375771,VIN-100504,2100,90,NONE
2026-06-28 16:27:14.375775,VIN-100505,2100,90,NONE
2026-06-28 16:27:14.375778,VIN-100506,2100,90,NONE
2026-06-28 16:27:14.375782,VIN-100507,2100,90,NONE
2026-06-28 16:27:14.375787,VIN-100508,2100,90,NONE
2026-06-28 16:27:14.375794,VIN-100509,2100,90,NONE
2026-06-28 16:27:14.375798,VIN-100510,2100,90,NONE
2026-06-28 16:27:14.375802,VIN-100511,2100,90,NONE
2026-06-28 16:27:14.375807,VIN-100512,2100,90,NONE
2026-06-28 16:27:14.375811,VIN-100513,2100,90,NONE
2026-06-28 16:27:14.375815,VIN-100514,2100,90,NONE
2026-06-28 16:27:14.375819,VIN-100515,2100,90,NONE
2026-06-28 16:27:14.375823,VIN-100516,2100,90,NONE
2026-06-28 16:27:14.375827,VIN-100517,2100,90,NONE
2026-06-28 16:27:14.375831,VIN-100518,2100,90,NONE
2026-06-28 16:27:14.375835,VIN-100519,2100,90,NONE
2026-06-28 16:27:14.375839,VIN-100520,2100,90,NONE
2026-06-28 16:27:14.375843,VIN-100521,2100,90,NONE
2026-06-28 16:27:14.375847,VIN-100522,2100,90,NONE
2026-06-28 16:27:14.375851,VIN-100523,2100,90,NONE
2026-06-28 16:27:14.375855,VIN-100524,2100,90,NONE
2026-06-28 16:27:14.375859,VIN-100525,2100,90,P0171
2026-06-28 16:27:14.375863,VIN-100526,2100,90,NONE
2026-06-28 16:27:14.375867,VIN-100527,2100,90,NONE
2026-06-28 16:27:14.375871,VIN-100528,2100,90,NONE
2026-06-28 16:27:14.375874,VIN-100529,2100,90,NONE
2026-06-28 16:27:14.375878,VIN-100530,2100,90,NONE
2026-06-28 16:27:14.375882,VIN-100531,2100,90,NONE
2026-06-28 16:27:14.375886,VIN-100532,2100,90,NONE
2026-06-28 16:27:14.375890,VIN-100533,2100,90,NONE
2026-06-28 16:27:14.375894,VIN-100534,2100,90,NONE
2026-06-28 16:27:14.375898,VIN-100535,2100,90,NONE
2026-06-28 16:27:14.375902,VIN-100536,2100,90,NONE
2026-06-28 16:27:14.375906,VIN-100537,2100,90,NONE
2026-06-28 16:27:14.375910,VIN-100538,2100,90,NONE
2026-06-28 16:27:14.375914,VIN-100539,2100,90,NONE
2026-06-28 16:27:14.375918,VIN-100540,2100,90,NONE
2026-06-28 16:27:14.375921,VIN-100541,2100,90,NONE
2026-06-28 16:27:14.375925,VIN-100542,2100,90,NONE
2026-06-28 16:27:14.375929,VIN-100543,2100,90,NONE
2026-06-28 16:27:14.375933,VIN-100544,2100,90,NONE
2026-06-28 16:27:14.375937,VIN-100545,2100,90,NONE
2026-06-28 16:27:14.375941,VIN-100546,2100,90,NONE
2026-06-28 16:27:14.375945,VIN-100547,2100,90,NONE
2026-06-28 16:27:14.375949,VIN-100548,2100,90,NONE
2026-06-28 16:27:14.375953,VIN-100549,2100,90,NONE
2026-06-28 16:27:14.375957,VIN-100550,2100,90,P0300
2026-06-28 16:27:14.375961,VIN-100551,2100,90,NONE
2026-06-28 16:27:14.375965,VIN-100552,2100,90,NONE
2026-06-28 16:27:14.375969,VIN-100553,2100,90,NONE
2026-06-28 16:27:14.375973,VIN-100554,2100,90,NONE
2026-06-28 16:27:14.375977,VIN-100555,2100,90,NONE
2026-06-28 16:27:14.375981,VIN-100556,2100,90,NONE
2026-06-28 16:27:14.375985,VIN-100557,2100,90,NONE
2026-06-28 16:27:14.375989,VIN-100558,2100,90,NONE
2026-06-28 16:27:14.375993,VIN-100559,2100,90,NONE
2026-06-28 16:27:14.375997,VIN-100560,2100,90,NONE
2026-06-28 16:27:14.376002,VIN-100561,2100,90,NONE
2026-06-28 16:27:14.376006,VIN-100562,2100,90,NONE
2026-06-28 16:27:14.376011,VIN-100563,2100,90,NONE
2026-06-28 16:27:14.376015,VIN-100564,2100,90,NONE
2026-06-28 16:27:14.376020,VIN-100565,2100,90,NONE
2026-06-28 16:27:14.376025,VIN-100566,2100,90,NONE
2026-06-28 16:27:14.376029,VIN-100567,2100,90,NONE
2026-06-28 16:27:14.376033,VIN-100568,2100,90,NONE
2026-06-28 16:27:14.376037,VIN-100569,2100,90,NONE
2026-06-28 16:27:14.376041,VIN-100570,2100,90,NONE
2026-06-28 16:27:14.376045,VIN-100571,2100,90,NONE
2026-06-28 16:27:14.376049,VIN-100572,2100,90,NONE
2026-06-28 16:27:14.376053,VIN-100573,2100,90,NONE
2026-06-28 16:27:14.376057,VIN-100574,2100,90,NONE
2026-06-28 16:27:14.376061,VIN-100575,2100,90,NONE
2026-06-28 16:27:14.376065,VIN-100576,2100,90,NONE
2026-06-28 16:27:14.376069,VIN-100577,2100,90,NONE
2026-06-28 16:27:14.376073,VIN-100578,2100,90,NONE
2026-06-28 16:27:14.376077,VIN-100579,2100,90,NONE
2026-06-28 16:27:14.376081,VIN-100580,2100,90,NONE
2026-06-28 16:27:14.376085,VIN-100581,2100,90,NONE
2026-06-28 16:27:14.376089,VIN-100582,2100,90,NONE
2026-06-28 16:27:14.376093,VIN-100583,2100,90,NONE
2026-06-28 16:27:14.376097,VIN-100584,2100,90,NONE
2026-06-28 16:27:14.376101,VIN-100585,2100,90,NONE
2026-06-28 16:27:14.376105,VIN-100586,2100,90,NONE
2026-06-28 16:27:14.376109,VIN-100587,2100,90,NONE
2026-06-28 16:27:14.376113,VIN-100588,2100,90,NONE
2026-06-28 16:27:14.376117,VIN-100589,2100,90,NONE
2026-06-28 16:27:14.376121,VIN-100590,2100,90,NONE
2026-06-28 16:27:14.376125,VIN-100591,2100,90,NONE
2026-06-28 16:27:14.376130,VIN-100592,2100,90,NONE
2026-06-28 16:27:14.376134,VIN-100593,2100,90,NONE
2026-06-28 16:27:14.376138,VIN-100594,2100,90,NONE
2026-06-28 16:27:14.376142,VIN-100595,2100,90,NONE
2026-06-28 16:27:14.376146,VIN-100596,2100,90,NONE
2026-06-28 16:27:14.376150,VIN-100597,2100,90,NONE
2026-06-28 16:27:14.376169,VIN-100598,2100,90,NONE
2026-06-28 16:27:14.376174,VIN-100599,2100,90,NONE
2026-06-28 16:27:14.376249,VIN-100600,2100,90,P0300
2026-06-28 16:27:14.376259,VIN-100601,2100,90,NONE
2026-06-28 16:27:14.376264,VIN-100602,2100,90,NONE
2026-06-28 16:27:14.376268,VIN-100603,2100,90,NONE
2026-06-28 16:27:14.376272,VIN-100604,2100,90,NONE
2026-06-28 16:27:14.376277,VIN-100605,2100,90,NONE
2026-06-28 16:27:14.376281,VIN-100606,2100,90,NONE
2026-06-28 16:27:14.376285,VIN-100607,2100,90,NONE
2026-06-28 16:27:14.376289,VIN-100608,2100,90,NONE
2026-06-28 16:27:14.376293,VIN-100609,2100,90,NONE
2026-06-28 16:27:14.376297,VIN-100610,2100,90,NONE
2026-06-28 16:27:14.376302,VIN-100611,2100,90,NONE
2026-06-28 16:27:14.376306,VIN-100612,2100,90,NONE
2026-06-28 16:27:14.376310,VIN-100613,2100,90,NONE
2026-06-28 16:27:14.376314,VIN-100614,2100,90,NONE
2026-06-28 16:27:14.376318,VIN-100615,2100,90,NONE
2026-06-28 16:27:14.376322,VIN-100616,2100,90,NONE
2026-06-28 16:27:14.376326,VIN-100617,2100,90,NONE
2026-06-28 16:27:14.376331,VIN-100618,2100,90,NONE
2026-06-28 16:27:14.376335,VIN-100619,2100,90,NONE
2026-06-28 16:27:14.376339,VIN-100620,2100,90,NONE
2026-06-28 16:27:14.376343,VIN-100621,2100,90,NONE
2026-06-28 16:27:14.376347,VIN-100622,2100,90,NONE
2026-06-28 16:27:14.376352,VIN-100623,2100,90,NONE
2026-06-28 16:27:14.376356,VIN-100624,2100,90,NONE
2026-06-28 16:27:14.376360,VIN-100625,2100,90,NONE
2026-06-28 16:27:14.376364,VIN-100626,2100,90,NONE
2026-06-28 16:27:14.376369,VIN-100627,2100,90,NONE
2026-06-28 16:27:14.376373,VIN-100628,2100,90,NONE
2026-06-28 16:27:14.376377,VIN-100629,2100,90,NONE
2026-06-28 16:27:14.376381,VIN-100630,2100,90,NONE
2026-06-28 16:27:14.376386,VIN-100631,2100,90,NONE
2026-06-28 16:27:14.376390,VIN-100632,2100,90,NONE
2026-06-28 16:27:14.376394,VIN-100633,2100,90,NONE
2026-06-28 16:27:14.376398,VIN-100634,2100,90,NONE
2026-06-28 16:27:14.376403,VIN-100635,2100,90,NONE
2026-06-28 16:27:14.376407,VIN-100636,2100,90,NONE
2026-06-28 16:27:14.376411,VIN-100637,2100,90,NONE
2026-06-28 16:27:14.376415,VIN-100638,2100,90,NONE
2026-06-28 16:27:14.376420,VIN-100639,2100,90,NONE
2026-06-28 16:27:14.376424,VIN-100640,2100,90,NONE
2026-06-28 16:27:14.376428,VIN-100641,2100,90,NONE
2026-06-28 16:27:14.376433,VIN-100642,2100,90,NONE
2026-06-28 16:27:14.376438,VIN-100643,2100,90,NONE
2026-06-28 16:27:14.376443,VIN-100644,2100,90,NONE
2026-06-28 16:27:14.376447,VIN-100645,2100,90,NONE
2026-06-28 16:27:14.376452,VIN-100646,2100,90,NONE
2026-06-28 16:27:14.376457,VIN-100647,2100,90,NONE
2026-06-28 16:27:14.376461,VIN-100648,2100,90,NONE
2026-06-28 16:27:14.376466,VIN-100649,2100,90,NONE
2026-06-28 16:27:14.376470,VIN-100650,2100,90,P0300
2026-06-28 16:27:14.376474,VIN-100651,2100,90,NONE
2026-06-28 16:27:14.376478,VIN-100652,2100,90,NONE
2026-06-28 16:27:14.376483,VIN-100653,2100,90,NONE
2026-06-28 16:27:14.376487,VIN-100654,2100,90,NONE
2026-06-28 16:27:14.376491,VIN-100655,2100,90,NONE
2026-06-28 16:27:14.376495,VIN-100656,2100,90,NONE
2026-06-28 16:27:14.376500,VIN-100657,2100,90,NONE
2026-06-28 16:27:14.376504,VIN-100658,2100,90,NONE
2026-06-28 16:27:14.376508,VIN-100659,2100,90,NONE
2026-06-28 16:27:14.376513,VIN-100660,2100,90,NONE
2026-06-28 16:27:14.376517,VIN-100661,2100,90,NONE
2026-06-28 16:27:14.376521,VIN-100662,2100,90,NONE
2026-06-28 16:27:14.376525,VIN-100663,2100,90,NONE
2026-06-28 16:27:14.376530,VIN-100664,2100,90,NONE
2026-06-28 16:27:14.376534,VIN-100665,2100,90,NONE
2026-06-28 16:27:14.376538,VIN-100666,2100,90,NONE
2026-06-28 16:27:14.376542,VIN-100667,2100,90,NONE
2026-06-28 16:27:14.376547,VIN-100668,2100,90,NONE
2026-06-28 16:27:14.376551,VIN-100669,2100,90,NONE
2026-06-28 16:27:14.376555,VIN-100670,2100,90,NONE
2026-06-28 16:27:14.376560,VIN-100671,2100,90,NONE
2026-06-28 16:27:14.376564,VIN-100672,2100,90,NONE
2026-06-28 16:27:14.376568,VIN-100673,2100,90,NONE
2026-06-28 16:27:14.376572,VIN-100674,2100,90,NONE
2026-06-28 16:27:14.376577,VIN-100675,2100,90,P0171
2026-06-28 16:27:14.376581,VIN-100676,2100,90,NONE
2026-06-28 16:27:14.376585,VIN-100677,2100,90,NONE
2026-06-28 16:27:14.376590,VIN-100678,2100,90,NONE
2026-06-28 16:27:14.376594,VIN-100679,2100,90,NONE
2026-06-28 16:27:14.376599,VIN-100680,2100,90,NONE
2026-06-28 16:27:14.376604,VIN-100681,2100,90,NONE
2026-06-28 16:27:14.376608,VIN-100682,2100,90,NONE
2026-06-28 16:27:14.376613,VIN-100683,2100,90,NONE
2026-06-28 16:27:14.376617,VIN-100684,2100,90,NONE
2026-06-28 16:27:14.376621,VIN-100685,2100,90,NONE
2026-06-28 16:27:14.376626,VIN-100686,2100,90,NONE
2026-06-28 16:27:14.376630,VIN-100687,2100,90,NONE
2026-06-28 16:27:14.376634,VIN-100688,2100,90,NONE
2026-06-28 16:27:14.376639,VIN-100689,2100,90,NONE
2026-06-28 16:27:14.376643,VIN-100690,2100,90,NONE
2026-06-28 16:27:14.376648,VIN-100691,2100,90,NONE
2026-06-28 16:27:14.376652,VIN-100692,2100,90,NONE
2026-06-28 16:27:14.376656,VIN-100693,2100,90,NONE
2026-06-28 16:27:14.376661,VIN-100694,2100,90,NONE
2026-06-28 16:27:14.376665,VIN-100695,2100,90,NONE
2026-06-28 16:27:14.376670,VIN-100696,2100,90,NONE
2026-06-28 16:27:14.376674,VIN-100697,2100,90,NONE
2026-06-28 16:27:14.376678,VIN-100698,2100,90,NONE
2026-06-28 16:27:14.376683,VIN-100699,2100,90,NONE
2026-06-28 16:27:14.376687,VIN-100700,2100,90,P0300
2026-06-28 16:27:14.376692,VIN-100701,2100,90,NONE
2026-06-28 16:27:14.376696,VIN-100702,2100,90,NONE
2026-06-28 16:27:14.376700,VIN-100703,2100,90,NONE
2026-06-28 16:27:14.376705,VIN-100704,2100,90,NONE
2026-06-28 16:27:14.376709,VIN-100705,2100,90,NONE
2026-06-28 16:27:14.376713,VIN-100706,2100,90,NONE
2026-06-28 16:27:14.376718,VIN-100707,2100,90,NONE
2026-06-28 16:27:14.376722,VIN-100708,2100,90,NONE
2026-06-28 16:27:14.376727,VIN-100709,2100,90,NONE
2026-06-28 16:27:14.376731,VIN-100710,2100,90,NONE
2026-06-28 16:27:14.376736,VIN-100711,2100,90,NONE
2026-06-28 16:27:14.376740,VIN-100712,2100,90,NONE
2026-06-28 16:27:14.376745,VIN-100713,2100,90,NONE
2026-06-28 16:27:14.376749,VIN-100714,2100,90,NONE
2026-06-28 16:27:14.376753,VIN-100715,2100,90,NONE
2026-06-28 16:27:14.376758,VIN-100716,2100,90,NONE
2026-06-28 16:27:14.376762,VIN-100717,2100,90,NONE
2026-06-28 16:27:14.376767,VIN-100718,2100,90,NONE
2026-06-28 16:27:14.376771,VIN-100719,2100,90,NONE
2026-06-28 16:27:14.376776,VIN-100720,2100,90,NONE
2026-06-28 16:27:14.376780,VIN-100721,2100,90,NONE
2026-06-28 16:27:14.376785,VIN-100722,2100,90,NONE
2026-06-28 16:27:14.376790,VIN-100723,2100,90,NONE
2026-06-28 16:27:14.376795,VIN-100724,2100,90,NONE
2026-06-28 16:27:14.376800,VIN-100725,2100,90,NONE
2026-06-28 16:27:14.376805,VIN-100726,2100,90,NONE
2026-06-28 16:27:14.376809,VIN-100727,2100,90,NONE
2026-06-28 16:27:14.376814,VIN-100728,2100,90,NONE
2026-06-28 16:27:14.376818,VIN-100729,2100,90,NONE
2026-06-28 16:27:14.376823,VIN-100730,2100,90,NONE
2026-06-28 16:27:14.376828,VIN-100731,2100,90,NONE
2026-06-28 16:27:14.376833,VIN-100732,2100,90,NONE
2026-06-28 16:27:14.376838,VIN-100733,2100,90,NONE
2026-06-28 16:27:14.376842,VIN-100734,2100,90,NONE
2026-06-28 16:27:14.376847,VIN-100735,2100,90,NONE
2026-06-28 16:27:14.376851,VIN-100736,2100,90,NONE
2026-06-28 16:27:14.376856,VIN-100737,2100,90,NONE
2026-06-28 16:27:14.376860,VIN-100738,2100,90,NONE
2026-06-28 16:27:14.376865,VIN-100739,2100,90,NONE
2026-06-28 16:27:14.376869,VIN-100740,2100,90,NONE
2026-06-28 16:27:14.376874,VIN-100741,2100,90,NONE
2026-06-28 16:27:14.376878,VIN-100742,2100,90,NONE
2026-06-28 16:27:14.376883,VIN-100743,2100,90,NONE
2026-06-28 16:27:14.376887,VIN-100744,2100,90,NONE
2026-06-28 16:27:14.376892,VIN-100745,2100,90,NONE
2026-06-28 16:27:14.376896,VIN-100746,2100,90,NONE
2026-06-28 16:27:14.376901,VIN-100747,2100,90,NONE
2026-06-28 16:27:14.376905,VIN-100748,2100,90,NONE
2026-06-28 16:27:14.376910,VIN-100749,2100,90,NONE
2026-06-28 16:27:14.376914,VIN-100750,2100,90,P0300
2026-06-28 16:27:14.376919,VIN-100751,2100,90,NONE
2026-06-28 16:27:14.376924,VIN-100752,2100,90,NONE
2026-06-28 16:27:14.376928,VIN-100753,2100,90,NONE
2026-06-28 16:27:14.376933,VIN-100754,2100,90,NONE
2026-06-28 16:27:14.376937,VIN-100755,2100,90,NONE
2026-06-28 16:27:14.376942,VIN-100756,2100,90,NONE
2026-06-28 16:27:14.376946,VIN-100757,2100,90,NONE
2026-06-28 16:27:14.376951,VIN-100758,2100,90,NONE
2026-06-28 16:27:14.376956,VIN-100759,2100,90,NONE
2026-06-28 16:27:14.376960,VIN-100760,2100,90,NONE
2026-06-28 16:27:14.376965,VIN-100761,2100,90,NONE
2026-06-28 16:27:14.376971,VIN-100762,2100,90,NONE
2026-06-28 16:27:14.376975,VIN-100763,2100,90,NONE
2026-06-28 16:27:14.376981,VIN-100764,2100,90,NONE
2026-06-28 16:27:14.376986,VIN-100765,2100,90,NONE
2026-06-28 16:27:14.376990,VIN-100766,2100,90,NONE
2026-06-28 16:27:14.376995,VIN-100767,2100,90,NONE
2026-06-28 16:27:14.377000,VIN-100768,2100,90,NONE
2026-06-28 16:27:14.377004,VIN-100769,2100,90,NONE
2026-06-28 16:27:14.377009,VIN-100770,2100,90,NONE
2026-06-28 16:27:14.377014,VIN-100771,2100,90,NONE
2026-06-28 16:27:14.377018,VIN-100772,2100,90,NONE
2026-06-28 16:27:14.377023,VIN-100773,2100,90,NONE
2026-06-28 16:27:14.377028,VIN-100774,2100,90,NONE
2026-06-28 16:27:14.377032,VIN-100775,2100,90,NONE
2026-06-28 16:27:14.377037,VIN-100776,2100,90,NONE
2026-06-28 16:27:14.377042,VIN-100777,2100,90,NONE
2026-06-28 16:27:14.377046,VIN-100778,2100,90,NONE
2026-06-28 16:27:14.377051,VIN-100779,2100,90,NONE
2026-06-28 16:27:14.377056,VIN-100780,2100,90,NONE
2026-06-28 16:27:14.377060,VIN-100781,2100,90,NONE
2026-06-28 16:27:14.377065,VIN-100782,2100,90,NONE
2026-06-28 16:27:14.377071,VIN-100783,2100,90,NONE
2026-06-28 16:27:14.377076,VIN-100784,2100,90,NONE
2026-06-28 16:27:14.377080,VIN-100785,2100,90,NONE
2026-06-28 16:27:14.377086,VIN-100786,2100,90,NONE
2026-06-28 16:27:14.377091,VIN-100787,2100,90,NONE
2026-06-28 16:27:14.377096,VIN-100788,2100,90,NONE
2026-06-28 16:27:14.377100,VIN-100789,2100,90,NONE
2026-06-28 16:27:14.377105,VIN-100790,2100,90,NONE
2026-06-28 16:27:14.377110,VIN-100791,2100,90,NONE
2026-06-28 16:27:14.377115,VIN-100792,2100,90,NONE
2026-06-28 16:27:14.377119,VIN-100793,2100,90,NONE
2026-06-28 16:27:14.377124,VIN-100794,2100,90,NONE
2026-06-28 16:27:14.377129,VIN-100795,2100,90,NONE
2026-06-28 16:27:14.377134,VIN-100796,2100,90,NONE
2026-06-28 16:27:14.377138,VIN-100797,2100,90,NONE
2026-06-28 16:27:14.377143,VIN-100798,2100,90,NONE
2026-06-28 16:27:14.377148,VIN-100799,2100,90,NONE
2026-06-28 16:27:14.377153,VIN-100800,2100,90,P0300
2026-06-28 16:27:14.377256,VIN-100801,2100,90,NONE
2026-06-28 16:27:14.377296,VIN-100802,2100,90,NONE
2026-06-28 16:27:14.377305,VIN-100803,2100,90,NONE
2026-06-28 16:27:14.377311,VIN-100804,2100,90,NONE
2026-06-28 16:27:14.377317,VIN-100805,2100,90,NONE
2026-06-28 16:27:14.377323,VIN-100806,2100,90,NONE
2026-06-28 16:27:14.377328,VIN-100807,2100,90,NONE
2026-06-28 16:27:14.377333,VIN-100808,2100,90,NONE
2026-06-28 16:27:14.377338,VIN-100809,2100,90,NONE
2026-06-28 16:27:14.377343,VIN-100810,2100,90,NONE
2026-06-28 16:27:14.377348,VIN-100811,2100,90,NONE
2026-06-28 16:27:14.377352,VIN-100812,2100,90,NONE
2026-06-28 16:27:14.377357,VIN-100813,2100,90,NONE
2026-06-28 16:27:14.377362,VIN-100814,2100,90,NONE
2026-06-28 16:27:14.377368,VIN-100815,2100,90,NONE
2026-06-28 16:27:14.377373,VIN-100816,2100,90,NONE
2026-06-28 16:27:14.377378,VIN-100817,2100,90,NONE
2026-06-28 16:27:14.377383,VIN-100818,2100,90,NONE
2026-06-28 16:27:14.377387,VIN-100819,2100,90,NONE
2026-06-28 16:27:14.377392,VIN-100820,2100,90,NONE
2026-06-28 16:27:14.377398,VIN-100821,2100,90,NONE
2026-06-28 16:27:14.377403,VIN-100822,2100,90,NONE
2026-06-28 16:27:14.377408,VIN-100823,2100,90,NONE
2026-06-28 16:27:14.377413,VIN-100824,2100,90,NONE
2026-06-28 16:27:14.377417,VIN-100825,2100,90,P0171
2026-06-28 16:27:14.377422,VIN-100826,2100,90,NONE
2026-06-28 16:27:14.377427,VIN-100827,2100,90,NONE
2026-06-28 16:27:14.377432,VIN-100828,2100,90,NONE
2026-06-28 16:27:14.377437,VIN-100829,2100,90,NONE
2026-06-28 16:27:14.377441,VIN-100830,2100,90,NONE
2026-06-28 16:27:14.377446,VIN-100831,2100,90,NONE
2026-06-28 16:27:14.377451,VIN-100832,2100,90,NONE
2026-06-28 16:27:14.377456,VIN-100833,2100,90,NONE
2026-06-28 16:27:14.377461,VIN-100834,2100,90,NONE
2026-06-28 16:27:14.377466,VIN-100835,2100,90,NONE
2026-06-28 16:27:14.377471,VIN-100836,2100,90,NONE
2026-06-28 16:27:14.377475,VIN-100837,2100,90,NONE
2026-06-28 16:27:14.377480,VIN-100838,2100,90,NONE
2026-06-28 16:27:14.377485,VIN-100839,2100,90,NONE
2026-06-28 16:27:14.377490,VIN-100840,2100,90,NONE
2026-06-28 16:27:14.377495,VIN-100841,2100,90,NONE
2026-06-28 16:27:14.377500,VIN-100842,2100,90,NONE
2026-06-28 16:27:14.377505,VIN-100843,2100,90,NONE
2026-06-28 16:27:14.377510,VIN-100844,2100,90,NONE
2026-06-28 16:27:14.377515,VIN-100845,2100,90,NONE
2026-06-28 16:27:14.377520,VIN-100846,2100,90,NONE
2026-06-28 16:27:14.377525,VIN-100847,2100,90,NONE
2026-06-28 16:27:14.377530,VIN-100848,2100,90,NONE
2026-06-28 16:27:14.377535,VIN-100849,2100,90,NONE
2026-06-28 16:27:14.377540,VIN-100850,2100,90,P0300
2026-06-28 16:27:14.377545,VIN-100851,2100,90,NONE
2026-06-28 16:27:14.377550,VIN-100852,2100,90,NONE
2026-06-28 16:27:14.377555,VIN-100853,2100,90,NONE
2026-06-28 16:27:14.377560,VIN-100854,2100,90,NONE
2026-06-28 16:27:14.377565,VIN-100855,2100,90,NONE
2026-06-28 16:27:14.377570,VIN-100856,2100,90,NONE
2026-06-28 16:27:14.377575,VIN-100857,2100,90,NONE
2026-06-28 16:27:14.377580,VIN-100858,2100,90,NONE
2026-06-28 16:27:14.377585,VIN-100859,2100,90,NONE
2026-06-28 16:27:14.377590,VIN-100860,2100,90,NONE
2026-06-28 16:27:14.377595,VIN-100861,2100,90,NONE
2026-06-28 16:27:14.377600,VIN-100862,2100,90,NONE
2026-06-28 16:27:14.377605,VIN-100863,2100,90,NONE
2026-06-28 16:27:14.377610,VIN-100864,2100,90,NONE
2026-06-28 16:27:14.377615,VIN-100865,2100,90,NONE
2026-06-28 16:27:14.377620,VIN-100866,2100,90,NONE
2026-06-28 16:27:14.377625,VIN-100867,2100,90,NONE
2026-06-28 16:27:14.377630,VIN-100868,2100,90,NONE
2026-06-28 16:27:14.377635,VIN-100869,2100,90,NONE
2026-06-28 16:27:14.377640,VIN-100870,2100,90,NONE
2026-06-28 16:27:14.377645,VIN-100871,2100,90,NONE
2026-06-28 16:27:14.377650,VIN-100872,2100,90,NONE
2026-06-28 16:27:14.377655,VIN-100873,2100,90,NONE
2026-06-28 16:27:14.377660,VIN-100874,2100,90,NONE
2026-06-28 16:27:14.377665,VIN-100875,2100,90,NONE
2026-06-28 16:27:14.377671,VIN-100876,2100,90,NONE
2026-06-28 16:27:14.377676,VIN-100877,2100,90,NONE
2026-06-28 16:27:14.377681,VIN-100878,2100,90,NONE
2026-06-28 16:27:14.377686,VIN-100879,2100,90,NONE
2026-06-28 16:27:14.377691,VIN-100880,2100,90,NONE
2026-06-28 16:27:14.377696,VIN-100881,2100,90,NONE
2026-06-28 16:27:14.377702,VIN-100882,2100,90,NONE
2026-06-28 16:27:14.377709,VIN-100883,2100,90,NONE
2026-06-28 16:27:14.377714,VIN-100884,2100,90,NONE
2026-06-28 16:27:14.377720,VIN-100885,2100,90,NONE
2026-06-28 16:27:14.377726,VIN-100886,2100,90,NONE
2026-06-28 16:27:14.377732,VIN-100887,2100,90,NONE
2026-06-28 16:27:14.377737,VIN-100888,2100,90,NONE
2026-06-28 16:27:14.377743,VIN-100889,2100,90,NONE
2026-06-28 16:27:14.377749,VIN-100890,2100,90,NONE
2026-06-28 16:27:14.377755,VIN-100891,2100,90,NONE
2026-06-28 16:27:14.377760,VIN-100892,2100,90,NONE
2026-06-28 16:27:14.377765,VIN-100893,2100,90,NONE
2026-06-28 16:27:14.377770,VIN-100894,2100,90,NONE
2026-06-28 16:27:14.377775,VIN-100895,2100,90,NONE
2026-06-28 16:27:14.377781,VIN-100896,2100,90,NONE
2026-06-28 16:27:14.377787,VIN-100897,2100,90,NONE
2026-06-28 16:27:14.377792,VIN-100898,2100,90,NONE
2026-06-28 16:27:14.377797,VIN-100899,2100,90,NONE
2026-06-28 16:27:14.377803,VIN-100900,2100,90,P0300
2026-06-28 16:27:14.377809,VIN-100901,2100,90,NONE
2026-06-28 16:27:14.377814,VIN-100902,2100,90,NONE
2026-06-28 16:27:14.377819,VIN-100903,2100,90,NONE
2026-06-28 16:27:14.377824,VIN-100904,2100,90,NONE
2026-06-28 16:27:14.377829,VIN-100905,2100,90,NONE
2026-06-28 16:27:14.377834,VIN-100906,2100,90,NONE
2026-06-28 16:27:14.377839,VIN-100907,2100,90,NONE
2026-06-28 16:27:14.377844,VIN-100908,2100,90,NONE
2026-06-28 16:27:14.377850,VIN-100909,2100,90,NONE
2026-06-28 16:27:14.377855,VIN-100910,2100,90,NONE
2026-06-28 16:27:14.377860,VIN-100911,2100,90,NONE
2026-06-28 16:27:14.377865,VIN-100912,2100,90,NONE
2026-06-28 16:27:14.377870,VIN-100913,2100,90,NONE
2026-06-28 16:27:14.377875,VIN-100914,2100,90,NONE
2026-06-28 16:27:14.377881,VIN-100915,2100,90,NONE
2026-06-28 16:27:14.377886,VIN-100916,2100,90,NONE
2026-06-28 16:27:14.377891,VIN-100917,2100,90,NONE
2026-06-28 16:27:14.377896,VIN-100918,2100,90,NONE
2026-06-28 16:27:14.377901,VIN-100919,2100,90,NONE
2026-06-28 16:27:14.377908,VIN-100920,2100,90,NONE
2026-06-28 16:27:14.377913,VIN-100921,2100,90,NONE
2026-06-28 16:27:14.377919,VIN-100922,2100,90,NONE
2026-06-28 16:27:14.377924,VIN-100923,2100,90,NONE
2026-06-28 16:27:14.377929,VIN-100924,2100,90,NONE
2026-06-28 16:27:14.377935,VIN-100925,2100,90,NONE
2026-06-28 16:27:14.377940,VIN-100926,2100,90,NONE
2026-06-28 16:27:14.377945,VIN-100927,2100,90,NONE
2026-06-28 16:27:14.377950,VIN-100928,2100,90,NONE
2026-06-28 16:27:14.377955,VIN-100929,2100,90,NONE
2026-06-28 16:27:14.377960,VIN-100930,2100,90,NONE
2026-06-28 16:27:14.377966,VIN-100931,2100,90,NONE
2026-06-28 16:27:14.377971,VIN-100932,2100,90,NONE
2026-06-28 16:27:14.377976,VIN-100933,2100,90,NONE
2026-06-28 16:27:14.377982,VIN-100934,2100,90,NONE
2026-06-28 16:27:14.377987,VIN-100935,2100,90,NONE
2026-06-28 16:27:14.377992,VIN-100936,2100,90,NONE
2026-06-28 16:27:14.377997,VIN-100937,2100,90,NONE
2026-06-28 16:27:14.378003,VIN-100938,2100,90,NONE
2026-06-28 16:27:14.378008,VIN-100939,2100,90,NONE
2026-06-28 16:27:14.378013,VIN-100940,2100,90,NONE
2026-06-28 16:27:14.378018,VIN-100941,2100,90,NONE
2026-06-28 16:27:14.378024,VIN-100942,2100,90,NONE
2026-06-28 16:27:14.378029,VIN-100943,2100,90,NONE
2026-06-28 16:27:14.378034,VIN-100944,2100,90,NONE
2026-06-28 16:27:14.378039,VIN-100945,2100,90,NONE
2026-06-28 16:27:14.378045,VIN-100946,2100,90,NONE
2026-06-28 16:27:14.378050,VIN-100947,2100,90,NONE
2026-06-28 16:27:14.378055,VIN-100948,2100,90,NONE
2026-06-28 16:27:14.378060,VIN-100949,2100,90,NONE
2026-06-28 16:27:14.378066,VIN-100950,2100,90,P0300
2026-06-28 16:27:14.378071,VIN-100951,2100,90,NONE
2026-06-28 16:27:14.378076,VIN-100952,2100,90,NONE
2026-06-28 16:27:14.378082,VIN-100953,2100,90,NONE
2026-06-28 16:27:14.378087,VIN-100954,2100,90,NONE
2026-06-28 16:27:14.378092,VIN-100955,2100,90,NONE
2026-06-28 16:27:14.378098,VIN-100956,2100,90,NONE
2026-06-28 16:27:14.378103,VIN-100957,2100,90,NONE
2026-06-28 16:27:14.378110,VIN-100958,2100,90,NONE
2026-06-28 16:27:14.378115,VIN-100959,2100,90,NONE
2026-06-28 16:27:14.378121,VIN-100960,2100,90,NONE
2026-06-28 16:27:14.378126,VIN-100961,2100,90,NONE
2026-06-28 16:27:14.378131,VIN-100962,2100,90,NONE
2026-06-28 16:27:14.378138,VIN-100963,2100,90,NONE
2026-06-28 16:27:14.378144,VIN-100964,2100,90,NONE
2026-06-28 16:27:14.378150,VIN-100965,2100,90,NONE
2026-06-28 16:27:14.378155,VIN-100966,2100,90,NONE
2026-06-28 16:27:14.378162,VIN-100967,2100,90,NONE
2026-06-28 16:27:14.378168,VIN-100968,2100,90,NONE
2026-06-28 16:27:14.378173,VIN-100969,2100,90,NONE
2026-06-28 16:27:14.378218,VIN-100970,2100,90,NONE
2026-06-28 16:27:14.378230,VIN-100971,2100,90,NONE
2026-06-28 16:27:14.378236,VIN-100972,2100,90,NONE
2026-06-28 16:27:14.378242,VIN-100973,2100,90,NONE
2026-06-28 16:27:14.378248,VIN-100974,2100,90,NONE
2026-06-28 16:27:14.378253,VIN-100975,2100,90,P0171
2026-06-28 16:27:14.378259,VIN-100976,2100,90,NONE
2026-06-28 16:27:14.378264,VIN-100977,2100,90,NONE
2026-06-28 16:27:14.378269,VIN-100978,2100,90,NONE
2026-06-28 16:27:14.378275,VIN-100979,2100,90,NONE
2026-06-28 16:27:14.378280,VIN-100980,2100,90,NONE
2026-06-28 16:27:14.378286,VIN-100981,2100,90,NONE
2026-06-28 16:27:14.378291,VIN-100982,2100,90,NONE
2026-06-28 16:27:14.378297,VIN-100983,2100,90,NONE
2026-06-28 16:27:14.378302,VIN-100984,2100,90,NONE
2026-06-28 16:27:14.378307,VIN-100985,2100,90,NONE
2026-06-28 16:27:14.378313,VIN-100986,2100,90,NONE
2026-06-28 16:27:14.378318,VIN-100987,2100,90,NONE
2026-06-28 16:27:14.378324,VIN-100988,2100,90,NONE
2026-06-28 16:27:14.378329,VIN-100989,2100,90,NONE
2026-06-28 16:27:14.378335,VIN-100990,2100,90,NONE
2026-06-28 16:27:14.378340,VIN-100991,2100,90,NONE
2026-06-28 16:27:14.378346,VIN-100992,2100,90,NONE
2026-06-28 16:27:14.378351,VIN-100993,2100,90,NONE
2026-06-28 16:27:14.378357,VIN-100994,2100,90,NONE
2026-06-28 16:27:14.378362,VIN-100995,2100,90,NONE
2026-06-28 16:27:14.378367,VIN-100996,2100,90,NONE
2026-06-28 16:27:14.378373,VIN-100997,2100,90,NONE
2026-06-28 16:27:14.378378,VIN-100998,2100,90,NONE
2026-06-28 16:27:14.378384,VIN-100999,2100,90,NONE
2026-06-28 16:27:14.378389,VIN-101000,2100,90,P0300
